10231321023312310321321321032133102313210233123103213213210321331023132102331231032132132103213310231321023312310321321321032133
01321321321321231301303213201321013213213213212313013032132013210132132132132123130130321320132101321321321321231301303213201321
13201231032132013123013132032132132012310321320131230131320321321320123103213201312301313203213213201231032132013123013132032132
32102130131231032103201320130132320121032132013230102312013130130132103200131132210012001321323212311123101231201021233213023123
21013012013213213013103201032230322323331131202313133121122132022331230132132102312302113203210321321321321231301303213201321221
12302310321321321320301313213032013132032132132012310321320131230131320321321031320131321321031120321312101210023130330023013123
32103213201321033213232013210320322323331131202313133121122132021210023130330023013123301320030312311123101231201021233213023123
10323022310032132032132103213133121020321031301320312323123101131210023130330023013123301320030312311123101231201021233213023123
12301112313132132232231012313221131230131320321321320123103213201312301313203213213201231032133212313013032132013210132132132132
32012103213201323010231201313013310321320131230131320321321031320131321321031120321312101210023130330023013123213132010303123012
32103213201321033213232013210320322323331131202313133121122132021210023130330023013123301320030312311123101231201021210210132313
13103212310231023123132032103103032103201320130132320121032132013230102312013130130132103200131132212030321012320312120312012102
32232333113120231313312112213202132132103112032131210012112301313103003210201313020210323022302331102302310310321032013130320032
12301321031032132102321303200320210320322323331131202313133121122132021210023130302032012231032131013013201203013012301232103120
32231231032321123123132012213321123001001301230301231023013213110320130123013210302103103121031031031103213032210312032132103102
32103132013132132103112032131210321032131331210203210313013203123231231011312100231303300230131233013200303123111230231231201320
12301321031032132102321303200320321021301312310321032013201301323201210321320132301023120131301301321032001311322103103302331213
12102032103130132031232312310113132132132132123130130321320132101321321321321231301303213201321013213213213212313013032132123033
12310320213132131320130131032103023013123213132010303123012320312120312012102322323331131202313133121122132021321321031121203012
12301301320132012301320132103001023123132032103103032103201320130132320121032132013230102312013130130132103200131132203003203032
21310231312313231123322313123113210320322323331131202313133121122132021210023130322203201231123021202313210210323223102313212130
03213032101212203032013303323303102301301300131023013212032131213201321301213230123013210321313021332013210231211321012330312322
12100231303300230131233013200303032132013210332132320132103203223233311312023131331211221320212100231303300230131233013200203202
01321032001311322100120013213232123111231012312010212332130231230321303210121220303201330332330312301320132013202103210322131201
10231321023312310321321321032133102313210233123103213213210321331023132102331231032132132103213310231321023312310321321321032133
01321321321321231301303213201321013213213213212313013032132013210132132132132123130130321320132101321321321321231301303213201321
13201231032132013123013132032132132012310321320131230131320321321320123103213201312301313203213213201231032132013123013132032132
32102130131231032103201320130132320121032132013230102312013130130132103200131132210012001321323212311123101231201021233213023123
21013012013213213013103201032230322323331131202313133121122132022331230132132102312302113203210321321321321231301303213201321221
12302310321321321320301313213032013132032132132012310321320131230131320321321031320131321321031120321312101210023130330023013123
32103213201321033213232013210320322323331131202313133121122132021210023130330023013123301320030312311123101231201021233213023123
10323022310032132032132103213133121020321031301320312323123101131210023130330023013123301320030312311123101231201021233213023123
12301112313132132232231012313221131230131320321321320123103213201312301313203213213201231032133212313013032132013210132132132132
32012103213201323010231201313013310321320131230131320321321031320131321321031120321312101210023130330023013123213132010303123012
32103213201321033213232013210320322323331131202313133121122132021210023130330023013123301320030312311123101231201021210210132313
13103212310231023123132032103103032103201320130132320121032132013230102312013130130132103200131132212030321012320312120312012102
32232333113120231313312112213202132132103112032131210012112301313103003210201313020210323022302331102302310310321032013130320032
12301321031032132102321303200320210320322323331131202313133121122132021210023130302032012231032131013013201203013012301232103120
32231231032321123123132012213321123001001301230301231023013213110320130123013210302103103121031031031103213032210312032132103102
32103132013132132103112032131210321032131331210203210313013203123231231011312100231303300230131233013200303123111230231231201320
12301321031032132102321303200320321021301312310321032013201301323201210321320132301023120131301301321032001311322103103302331213
12102032103130132031232312310113132132132132123130130321320132101321321321321231301303213201321013213213213212313013032132123033
12310320213132131320130131032103023013123213132010303123012320312120312012102322323331131202313133121122132021321321031121203012
12301301320132012301320132103001023123132032103103032103201320130132320121032132013230102312013130130132103200131132203003203032
21310231312313231123322313123113210320322323331131202313133121122132021210023130322203201231123021202313210210323223102313212130
03213032101212203032013303323303102301301300131023013212032131213201321301213230123013210321313021332013210231211321012330312322
12100231303300230131233013200303032132013210332132320132103203223233311312023131331211221320212100231303300230131233013200203202
01321032001311322100120013213232123111231012312010212332130231230321303210121220303201330332330312301320132013202103210322131201
10231321023312310321321321032133102313210233123103213213210321331023132102331231032132132103213310231321023312310321321321032133
01321321321321231301303213201321013213213213212313013032132013210132132132132123130130321320132101321321321321231301303213201321
13201231032132013123013132032132132012310321320131230131320321321320123103213201312301313203213213201231032132013123013132032132
32102130131231032103201320130132320121032132013230102312013130130132103200131132210012001321323212311123101231201021233213023123
21013012013213213013103201032230322323331131202313133121122132022331230132132102312302113203210321321321321231301303213201321221
12302310321321321320301313213032013132032132132012310321320131230131320321321031320131321321031120321312101210023130330023013123
32103213201321033213232013210320322323331131202313133121122132021210023130330023013123301320030312311123101231201021233213023123
10323022310032132032132103213133121020321031301320312323123101131210023130330023013123301320030312311123101231201021233213023123
12301112313132132232231012313221131230131320321321320123103213201312301313203213213201231032133212313013032132013210132132132132
32012103213201323010231201313013310321320131230131320321321031320131321321031120321312101210023130330023013123213132010303123012
32103213201321033213232013210320322323331131202313133121122132021210023130330023013123301320030312311123101231201021210210132313
13103212310231023123132032103103032103201320130132320121032132013230102312013130130132103200131132212030321012320312120312012102
32232333113120231313312112213202132132103112032131210012112301313103003210201313020210323022302331102302310310321032013130320032
12301321031032132102321303200320210320322323331131202313133121122132021210023130302032012231032131013013201203013012301232103120
32231231032321123123132012213321123001001301230301231023013213110320130123013210302103103121031031031103213032210312032132103102
32103132013132132103112032131210321032131331210203210313013203123231231011312100231303300230131233013200303123111230231231201320
12301321031032132102321303200320321021301312310321032013201301323201210321320132301023120131301301321032001311322103103302331213
12102032103130132031232312310113132132132132123130130321320132101321321321321231301303213201321013213213213212313013032132123033
12310320213132131320130131032103023013123213132010303123012320312120312012102322323331131202313133121122132021321321031121203012
12301301320132012301320132103001023123132032103103032103201320130132320121032132013230102312013130130132103200131132203003203032
21310231312313231123322313123113210320322323331131202313133121122132021210023130322203201231123021202313210210323223102313212130
03213032101212203032013303323303102301301300131023013212032131213201321301213230123013210321313021332013210231211321012330312322
12100231303300230131233013200303032132013210332132320132103203223233311312023131331211221320212100231303300230131233013200203202
01321032001311322100120013213232123111231012312010212332130231230321303210121220303201330332330312301320132013202103210322131201