22222222222222222222222222222222
20000000000000000000000000000002
20000000000000000000000000000002
20000000000000000000000000000002
20000000000000000000000000000002
20000000000000000000000000000002
20000000000000000000000000000002
20000000000000000000000000000002
20000000000000000000000000000002
10000000000000000000000000000001
10000000000000000000000000000001
10000000000000000000000000000001
10000000000000000000000000000001
10000000000000000000000000000001
10000000000000000000000000000001
10000000000000000000000000000001
10000000000000000000000000000001
10000000000000000000000000000001
10000000000000000000000000000001
10000000000000000000000000000001
10000000000000000000000000000001
10000000000000000000000000000001
10000000000000000000000000000001
11111111111111111111111111111111
