00000000000000000000000000000000000000000000000000000000000000000000000000000000000000000000000000000000000000000000000000000000
00000000000000000000000000000000000000000000000000000000000000000000000000000000000000000000000000000000000000000000000000000000
00000000000000000000000000000000000000000000000000000000000000000000000000000000000000000000000000000000000000000000000000000000
00000000000000000000000000000000000000000000000000000000000000000000000000000000000000000000000000000000000000000000000000000000
00000000000000000000000000000000000000000000000000000000000000000000000000000000000000000000000000000000000000000000000000000000
00000000000000000000000000000000000000000000000000000000000000000000000000000000000000000000000000000000000000000000000000000000
00000000000000000000000000000000000000000000000000000000000000000000000000000000000000000000000000000000000000000000000000000000
00000000000000000000000000000000000000000000000000000000000000000000000000000000000000000000000000000000000000000000000000000000
00000000000000000000000000000000000000000000000000000000000000000000000000000000000000000000000000000000000000000000000000000000
00000000000000000000000000000000000000000000000000000000000000000000000000000000000000000000000000000000000000000000000000000000
00000000000000000000000000000000000000000000000000000000000000000000000000000000000000000000000000000000000000000000000000000000
00000000000000007777777777777777777777777777777777777777777777777777777777777777777777777777777777777777777777770000000000000000
00000000000000007000000000000000000000000000000000000000000000000000000000000000000000000000000000000000000000070000000000000000
00000000000000007000000000000000000000000000000000000000000000000000000000000000000000000000000000000000000000070000000000000000
00000000000000007000000000000000000000000000000000000000000000000000000000000000000000000000000000000000000000070000000000000000
00000000000000007000000000000000000000000000000000000000000000000000000000000000000000000000000000000000000000070000000000000000
00000000000000007000000000000000000000000000000000000000000000000000000000000000000000000000000000000000000000070000000000000000
00000000000000007000000000000000000000000000000000000000000000000000000000000000000000000000000000000000000000070000000000000000
00000000000000007000000000000000000000000000000000000000000000000000000000000000000000000000000000000000000000070000000000000000
00000000000000007000000000000000000000000000000000000000000000000000000000000000000000000000000000000000000000070000000000000000
00000000000000007000000000000000000000000000000000000000000000000000000000000000000000000000000000000000000000070000000000000000
00000000000000007000000000000000000000000000000000000000000000000000000000000000000000000000000000000000000000070000000000000000
00000000000000007000000000000000000000000000000000000000000000000000000000000000000000000000000000000000000000070000000000000000
00000000000000007000000000000000000000000000000000000000000000000000000000000000000000000000000000000000000000070000000000000000
00000000000000007000000000000000000000000000000000000000000000000000000000000000000000000000000000000000000000070000000000000000
00000000000000007000000000000000000000000000000000000000000000000000000000000000000000000000000000000000000000070000000000000000
00000000000000007000000000000000000000000000000000000000000000000000000000000000000000000000000000000000000000070000000000000000
00000000000000007000000000000000000000000000000000000000000000000000000000000000000000000000000000000000000000070000000000000000
00000000000000007000000000000000000000000000000000000000000000000000000000000000000000000000000000000000000000070000000000000000
00000000000000007000000000000000000000000000000000000000000000000000000000000000000000000000000000000000000000070000000000000000
00000000000000007000000000000000000000000000000000000000000000000000000000000000000000000000000000000000000000070000000000000000
00000000000000007000000000000000000000000000000000000000000000000000000000000000000000000000000000000000000000070000000000000000
00000000000000007000000000000000000000000000000000000000000000000000000000000000000000000000000000000000000000070000000000000000
00000000000000007000000000000000000000000000000000000000000000000000000000000000000000000000000000000000000000070000000000000000
00000000000000007000000000000000000000000000000000000000000000000000000000000000000000000000000000000000000000070000000000000000
00000000000000007000000000000000000000000000000000000000000000000000000000000000000000000000000000000000000000070000000000000000
00000000000000007000000000000000000000000000000000000000000000000000000000000000000000000000000000000000000000070000000000000000
00000000000000007000000000000000000000000000000000000000000000000000000000000000000000000000000000000000000000070000000000000000
00000000000000007000000000000000000000000000000000000000000000000000000000000000000000000000000000000000000000070000000000000000
00000000000000007000000000000000000000000000000000000000000000000000000000000000000000000000000000000000000000070000000000000000
00000000000000007000000000000000000000000000000000000000000000000000000000000000000000000000000000000000000000070000000000000000
00000000000000007000000000000000000000000000000000000000000000000000000000000000000000000000000000000000000000070000000000000000
00000000000000007000000000000000000000000000000000000000000000000000000000000000000000000000000000000000000000070000000000000000
00000000000000007000000000000000000000000000000000000000000000000000000000000000000000000000000000000000000000070000000000000000
00000000000000007000000000000000000000000000000000000000000000000000000000000000000000000000000000000000000000070000000000000000
00000000000000007000000000000000000000000000000000000000000000000000000000000000000000000000000000000000000000070000000000000000
00000000000000007000000000000000000000000000000000000000000000000000000000000000000000000000000000000000000000070000000000000000
00000000000000007000000000000000000000000000000000000000000000000000000000000000000000000000000000000000000000070000000000000000
00000000000000007000000000000000000000000000000000000000000000000000000000000000000000000000000000000000000000070000000000000000
00000000000000007000000000000000000000000000000000000000000000000000000000000000000000000000000000000000000000070000000000000000
00000000000000007000000000000000000000000000000000000000000000000000000000000000000000000000000000000000000000070000000000000000
00000000000000007000000000000000000000000000000000000000000000000000000000000000000000000000000000000000000000070000000000000000
00000000000000007000000000000000000000000000000000000000000000000000000000000000000000000000000000000000000000070000000000000000
00000000000000007000000000000000000000000000000000000000000000000000000000000000000000000000000000000000000000070000000000000000
00000000000000007000000000000000000000000000000000000000000000000000000000000000000000000000000000000000000000070000000000000000
00000000000000007000000000000000000000000000000000000000000000000000000000000000000000000000000000000000000000070000000000000000
00000000000000007000000000000000000000000000000000000000000000000000000000000000000000000000000000000000000000070000000000000000
00000000000000007000000000000000000000000000000000000000000000000000000000000000000000000000000000000000000000070000000000000000
00000000000000007000000000000000000000000000000000000000000000000000000000000000000000000000000000000000000000070000000000000000
00000000000000007777777777777777777777777777777777777777777777777777777777777777777777777777777777777777777777770000000000000000
00000000000000000000000000000000000000000000000000000000000000000000000000000000000000000000000000000000000000000000000000000000
00000000000000000000000000000000000000000000000000000000000000000000000000000000000000000000000000000000000000000000000000000000
00000000000000000000000000000000000000000000000000000000000000000000000000000000000000000000000000000000000000000000000000000000
00000000000000000000000000000000000000000000000000000000000000000000000000000000000000000000000000000000000000000000000000000000
00000000000000000000000000000000000000000000000000000000000000000000000000000000000000000000000000000000000000000000000000000000
00000000000000000000000000000000000000000000000000000000000000000000000000000000000000000000000000000000000000000000000000000000
00000000000000000000000000000000000000000000000000000000000000000000000000000000000000000000000000000000000000000000000000000000
00000000000000000000000000000000000000000000000000000000000000000000000000000000000000000000000000000000000000000000000000000000
00000000000000000000000000000000000000000000000000000000000000000000000000000000000000000000000000000000000000000000000000000000
00000000000000000000000000000000000000000000000000000000000000000000000000000000000000000000000000000000000000000000000000000000
00000000000000000000000000000000000000000000000000000000000000000000000000000000000000000000000000000000000000000000000000000000
00000000000000000000000000000000000000000000000000000000000000000000000000000000000000000000000000000000000000000000000000000000
